<?xml version="1.0" standalone="no"?>
<!DOCTYPE svg PUBLIC "-//W3C//DTD SVG 20010904//EN"
 "http://www.w3.org/TR/2001/REC-SVG-20010904/DTD/svg10.dtd">
<svg version="1.0" xmlns="http://www.w3.org/2000/svg"
 width="866.000000pt" height="288.000000pt" viewBox="0 0 866.000000 288.000000"
 preserveAspectRatio="xMidYMid meet">

<g transform="translate(0.000000,288.000000) scale(0.100000,-0.100000)"
fill="#000000" stroke="none">
<path d="M4526 2470 c12 -24 17 -56 17 -103 -1 -58 -6 -76 -34 -123 -33 -54
-105 -113 -118 -97 -4 4 -16 29 -25 56 -19 51 -15 109 10 159 20 40 17 43 -10
11 -37 -44 -57 -101 -63 -181 -7 -88 -28 -120 -108 -168 -79 -48 -104 -45
-155 16 -23 28 -46 50 -52 50 -7 0 -7 -5 1 -13 6 -8 17 -30 26 -50 15 -35 14
-37 -5 -37 -10 0 -35 14 -55 31 -39 34 -47 26 -14 -15 19 -24 79 -48 149 -59
24 -4 24 -4 -8 -16 -18 -7 -37 -22 -43 -32 -5 -11 -46 -44 -89 -75 -44 -30
-82 -60 -85 -65 -3 -5 0 -27 6 -50 16 -51 47 -74 91 -65 18 4 71 11 118 15
144 14 200 41 200 95 0 14 3 17 11 9 8 -8 5 -22 -9 -50 -18 -35 -27 -41 -84
-57 -116 -33 -108 -24 -107 -118 1 -69 15 -162 18 -120 1 6 5 12 10 12 5 0 9
-50 10 -112 1 -62 4 -114 6 -116 2 -2 21 19 42 48 l38 51 5 -28 c6 -31 12 -26
30 30 17 54 58 77 136 77 34 0 81 -7 104 -15 60 -21 61 -20 5 30 -49 43 -49
44 -20 40 131 -21 215 -36 243 -44 17 -5 32 -8 32 -7 0 1 -55 58 -122 125 -68
68 -112 118 -100 111 13 -6 25 -10 27 -8 2 2 -23 37 -55 78 -33 41 -55 77 -49
79 12 4 -90 114 -110 120 -10 2 2 18 35 47 l49 43 -55 0 c-30 0 -83 -6 -117
-13 -77 -16 -83 -4 -10 19 139 46 268 139 313 226 41 82 27 217 -28 274 -20
20 -20 20 -2 -15z"/>
<path d="M3380 877 c0 -67 4 -107 12 -115 7 -7 38 -12 69 -12 68 0 89 20 89
83 0 63 -13 77 -70 77 l-50 0 0 35 c0 31 -3 35 -25 35 l-25 0 0 -103z m105
-47 c0 -41 -2 -45 -25 -45 -27 0 -37 26 -25 72 4 18 11 23 28 21 19 -3 22 -9
22 -48z"/>
<path d="M3560 867 l0 -114 110 -2 110 -1 0 64 c0 83 -12 96 -91 96 -45 0 -59
-3 -59 -14 0 -10 13 -16 42 -18 56 -4 64 -28 9 -28 -22 0 -43 -4 -46 -10 -14
-23 -20 -6 -20 62 0 72 0 73 -27 76 l-28 3 0 -114z m160 -67 c0 -21 -33 -29
-45 -10 -9 15 4 30 26 30 12 0 19 -7 19 -20z"/>
<path d="M3937 973 c-4 -3 -7 -19 -7 -35 0 -27 -1 -28 -53 -28 -67 0 -87 -19
-87 -79 0 -75 8 -81 110 -81 l90 0 0 37 0 38 25 -38 c25 -36 28 -37 85 -37
l60 0 0 66 c0 48 3 65 12 62 8 -3 12 -19 10 -42 -2 -22 3 -47 12 -62 14 -21
24 -24 74 -24 32 0 63 5 70 12 7 7 12 36 12 64 0 71 -16 86 -89 84 -92 -4
-101 -2 -101 20 0 15 7 20 25 20 16 0 25 6 25 15 0 11 -11 15 -39 15 -43 0
-71 -20 -71 -51 0 -15 -7 -19 -32 -19 -23 0 -39 -8 -55 -27 l-22 -28 -1 63 c0
58 -1 62 -23 62 -13 0 -27 -3 -30 -7z m-19 -102 c8 -5 12 -23 10 -47 -3 -37
-5 -39 -38 -39 -32 0 -35 2 -38 33 -2 19 -1 40 2 48 6 15 43 19 64 5z m182
-53 l0 -63 -25 37 c-30 44 -30 46 -8 70 27 30 33 21 33 -44z m196 37 c10 -42
-3 -77 -29 -73 -17 2 -23 11 -25 36 -4 45 3 62 27 62 14 0 23 -9 27 -25z"/>
<path d="M4947 953 c-4 -3 -7 -32 -7 -63 l0 -57 38 -6 c20 -4 51 -3 67 2 18 4
39 4 53 -2 26 -12 72 5 72 26 0 10 8 13 25 9 29 -5 34 -25 5 -20 -10 2 -20 -1
-22 -7 -5 -15 45 -17 65 -3 22 17 13 48 -14 48 -10 0 -19 5 -19 10 0 6 9 10
20 10 11 0 20 5 20 11 0 8 -14 10 -41 6 -64 -8 -109 2 -109 25 0 33 -25 14
-30 -23 -4 -25 -7 -30 -12 -16 -8 19 -62 24 -73 7 -4 -6 5 -10 19 -10 36 0 33
-17 -4 -22 -29 -4 -30 -4 -30 39 0 40 -8 52 -23 36z m188 -83 c0 -13 -6 -25
-12 -27 -16 -6 -27 21 -19 43 9 23 31 11 31 -16z m-105 -20 c0 -5 -4 -10 -10
-10 -5 0 -10 5 -10 10 0 6 5 10 10 10 6 0 10 -4 10 -10z"/>
<path d="M4800 930 c0 -18 -7 -20 -69 -20 -50 0 -74 -4 -85 -16 -15 -14 -17
-14 -32 0 -21 22 -102 21 -126 -1 -17 -15 -18 -15 -18 0 0 14 -10 17 -55 17
l-55 0 0 -80 0 -80 30 0 c28 0 29 1 32 58 3 50 6 57 26 60 20 3 22 -1 22 -41
0 -62 21 -79 96 -75 43 2 59 7 59 17 0 10 -13 15 -44 15 -26 1 -46 6 -48 14
-3 8 10 12 46 12 40 0 51 4 51 16 0 14 2 14 22 0 12 -9 35 -16 51 -16 19 0 27
-4 24 -12 -2 -8 -21 -13 -45 -13 -33 0 -42 -4 -42 -17 0 -15 9 -18 54 -18 77
0 86 5 86 50 0 41 -11 50 -61 50 -19 0 -29 5 -29 15 0 12 13 15 55 15 l55 0 0
-46 c0 -66 13 -84 60 -84 43 0 57 23 20 33 -16 4 -20 14 -20 47 0 33 4 43 20
47 11 3 20 12 20 19 0 8 -9 14 -20 14 -13 0 -20 7 -20 20 0 16 -7 20 -30 20
-23 0 -30 -4 -30 -20z m-222 -67 c2 -8 -6 -13 -22 -13 -25 0 -33 10 -19 24 10
10 36 3 41 -11z"/>
<path d="M4660 632 c0 -29 3 -52 8 -52 8 0 6 89 -2 98 -3 3 -6 -18 -6 -46z"/>
<path d="M3805 651 c-3 -5 -1 -12 5 -16 5 -3 10 1 10 9 0 18 -6 21 -15 7z"/>
<path d="M4315 650 c-3 -5 -1 -10 4 -10 6 0 11 5 11 10 0 6 -2 10 -4 10 -3 0
-8 -4 -11 -10z"/>
<path d="M4935 651 c-3 -5 -1 -12 5 -16 5 -3 10 1 10 9 0 18 -6 21 -15 7z"/>
<path d="M3530 630 c0 -11 2 -20 4 -20 2 0 6 9 9 20 3 11 1 20 -4 20 -5 0 -9
-9 -9 -20z"/>
<path d="M3665 639 c-4 -6 -5 -12 -2 -15 2 -3 7 2 10 11 7 17 1 20 -8 4z"/>
<path d="M3775 614 c0 -19 3 -34 8 -34 4 0 7 13 7 29 0 17 -3 32 -7 34 -5 3
-8 -10 -8 -29z"/>
<path d="M3875 639 c-4 -6 -5 -12 -2 -15 2 -3 7 2 10 11 7 17 1 20 -8 4z"/>
<path d="M3953 615 c0 -22 2 -30 4 -17 2 12 2 30 0 40 -3 9 -5 -1 -4 -23z"/>
<path d="M3999 612 c5 -34 6 -35 9 -8 2 16 0 32 -5 37 -5 5 -7 -7 -4 -29z"/>
<path d="M4385 639 c-4 -6 -5 -12 -2 -15 2 -3 7 2 10 11 7 17 1 20 -8 4z"/>
<path d="M4461 634 c0 -11 3 -14 6 -6 3 7 2 16 -1 19 -3 4 -6 -2 -5 -13z"/>
<path d="M3425 620 c-3 -5 -1 -10 4 -10 6 0 11 5 11 10 0 6 -2 10 -4 10 -3 0
-8 -4 -11 -10z"/>
<path d="M4050 611 c0 -11 4 -22 9 -25 4 -3 6 6 3 19 -5 30 -12 33 -12 6z"/>
<path d="M4289 628 c-5 -17 -4 -48 3 -48 4 0 8 11 8 25 0 20 -7 34 -11 23z"/>
<path d="M4970 611 c0 -11 4 -22 9 -25 4 -3 6 6 3 19 -5 30 -12 33 -12 6z"/>
<path d="M4160 613 c0 -5 5 -15 10 -23 7 -12 9 -10 7 8 -1 19 -17 33 -17 15z"/>
<path d="M3381 594 c0 -11 3 -14 6 -6 3 7 2 16 -1 19 -3 4 -6 -2 -5 -13z"/>
<path d="M5233 595 c0 -8 4 -12 9 -9 5 3 6 10 3 15 -9 13 -12 11 -12 -6z"/>
<path d="M3425 590 c-3 -5 -1 -10 4 -10 6 0 11 5 11 10 0 6 -2 10 -4 10 -3 0
-8 -4 -11 -10z"/>
<path d="M3530 576 c0 -31 6 -34 13 -6 3 11 1 23 -4 26 -5 3 -9 -6 -9 -20z"/>
<path d="M4635 590 c-3 -5 -1 -10 4 -10 6 0 11 5 11 10 0 6 -2 10 -4 10 -3 0
-8 -4 -11 -10z"/>
</g>
</svg>
